单向边:
      起点      终点
    100001    100002
    100002    100003
      1001      1002
      1002      1003
      1003      1004
      1004      1005
      1005      1006
      1006      1007
      1007      1008
      1008      1009
      1009      1010
      1010      1011
      1004      1011
      1011      1012
      1012      1013
      1013      1014
      1014      1015
      1015      1016
      1016      1017
      1017      1018
      1018      1019
      1019      1020
      1020      1021
      1014      1021
      1021      1022
      1022      1023
      1023      1024
      1024      1025
      1025      1026
      1026      1027
      1027      1028
      1028      1029
      1029      1030
      1030      1031
      1024      1031
      1031      1513
      1513      1512
      1512      1511
      1511      1510
      1510      1509
      1509      1508
      1508      1507
      1507      1506
      1506      1505
      1505      1504
      1504      1503
      1503      1502
      1502      1501
    100001      1001
      1501    101001
    100003    100004
    100004    100005
    100005    100006
      2001      2002
      2002      2003
      2003      2004
      2004      2005
      2005      2006
      2006      2007
      2007      2008
      2008      2009
      2009      2010
      2010      2011
      2004      2011
      2011      2012
      2012      2013
      2013      2014
      2014      2015
      2015      2016
      2016      2017
      2017      2018
      2018      2019
      2019      2020
      2020      2021
      2014      2021
      2021      2022
      2022      2023
      2023      2024
      2024      2025
      2025      2026
      2026      2027
      2027      2028
      2028      2029
      2029      2030
      2030      2031
      2024      2031
      2031      2513
      2513      2512
      2512      2511
      2511      2510
      2510      2509
      2509      2508
      2508      2507
      2507      2506
      2506      2505
      2505      2504
      2504      2503
      2503      2502
      2502      2501
    100004      2001
      2501    101004
    100006    100007
    100007    100008
    100008    100009
      3001      3002
      3002      3003
      3003      3004
      3004      3005
      3005      3006
      3006      3007
      3007      3008
      3008      3009
      3009      3010
      3010      3011
      3004      3011
      3011      3012
      3012      3013
      3013      3014
      3014      3015
      3015      3016
      3016      3017
      3017      3018
      3018      3019
      3019      3020
      3020      3021
      3014      3021
      3021      3022
      3022      3023
      3023      3024
      3024      3025
      3025      3026
      3026      3027
      3027      3028
      3028      3029
      3029      3030
      3030      3031
      3024      3031
      3031      3513
      3513      3512
      3512      3511
      3511      3510
      3510      3509
      3509      3508
      3508      3507
      3507      3506
      3506      3505
      3505      3504
      3504      3503
      3503      3502
      3502      3501
    100007      3001
      3501    101007
    100009    100010
    100010    100011
    100011    100012
      4001      4002
      4002      4003
      4003      4004
      4004      4005
      4005      4006
      4006      4007
      4007      4008
      4008      4009
      4009      4010
      4010      4011
      4004      4011
      4011      4012
      4012      4013
      4013      4014
      4014      4015
      4015      4016
      4016      4017
      4017      4018
      4018      4019
      4019      4020
      4020      4021
      4014      4021
      4021      4022
      4022      4023
      4023      4024
      4024      4025
      4025      4026
      4026      4027
      4027      4028
      4028      4029
      4029      4030
      4030      4031
      4024      4031
      4031      4513
      4513      4512
      4512      4511
      4511      4510
      4510      4509
      4509      4508
      4508      4507
      4507      4506
      4506      4505
      4505      4504
      4504      4503
      4503      4502
      4502      4501
    100010      4001
      4501    101010
    100012    100013
    100013    100014
    100014    100015
      5001      5002
      5002      5003
      5003      5004
      5004      5005
      5005      5006
      5006      5007
      5007      5008
      5008      5009
      5009      5010
      5010      5011
      5004      5011
      5011      5012
      5012      5013
      5013      5014
      5014      5015
      5015      5016
      5016      5017
      5017      5018
      5018      5019
      5019      5020
      5020      5021
      5014      5021
      5021      5022
      5022      5023
      5023      5024
      5024      5025
      5025      5026
      5026      5027
      5027      5028
      5028      5029
      5029      5030
      5030      5031
      5024      5031
      5031      5513
      5513      5512
      5512      5511
      5511      5510
      5510      5509
      5509      5508
      5508      5507
      5507      5506
      5506      5505
      5505      5504
      5504      5503
      5503      5502
      5502      5501
    100013      5001
      5501    101013
    100015    100016
    100016    100017
    100017    100018
      6001      6002
      6002      6003
      6003      6004
      6004      6005
      6005      6006
      6006      6007
      6007      6008
      6008      6009
      6009      6010
      6010      6011
      6004      6011
      6011      6012
      6012      6013
      6013      6014
      6014      6015
      6015      6016
      6016      6017
      6017      6018
      6018      6019
      6019      6020
      6020      6021
      6014      6021
      6021      6022
      6022      6023
      6023      6024
      6024      6025
      6025      6026
      6026      6027
      6027      6028
      6028      6029
      6029      6030
      6030      6031
      6024      6031
      6031      6513
      6513      6512
      6512      6511
      6511      6510
      6510      6509
      6509      6508
      6508      6507
      6507      6506
      6506      6505
      6505      6504
      6504      6503
      6503      6502
      6502      6501
    100016      6001
      6501    101016
    100018    100019
    100019    100020
    100020    100021
      7001      7002
      7002      7003
      7003      7004
      7004      7005
      7005      7006
      7006      7007
      7007      7008
      7008      7009
      7009      7010
      7010      7011
      7004      7011
      7011      7012
      7012      7013
      7013      7014
      7014      7015
      7015      7016
      7016      7017
      7017      7018
      7018      7019
      7019      7020
      7020      7021
      7014      7021
      7021      7022
      7022      7023
      7023      7024
      7024      7025
      7025      7026
      7026      7027
      7027      7028
      7028      7029
      7029      7030
      7030      7031
      7024      7031
      7031      7513
      7513      7512
      7512      7511
      7511      7510
      7510      7509
      7509      7508
      7508      7507
      7507      7506
      7506      7505
      7505      7504
      7504      7503
      7503      7502
      7502      7501
    100019      7001
      7501    101019
    100021    100022
    100022    100023
    100023    100024
      8001      8002
      8002      8003
      8003      8004
      8004      8005
      8005      8006
      8006      8007
      8007      8008
      8008      8009
      8009      8010
      8010      8011
      8004      8011
      8011      8012
      8012      8013
      8013      8014
      8014      8015
      8015      8016
      8016      8017
      8017      8018
      8018      8019
      8019      8020
      8020      8021
      8014      8021
      8021      8022
      8022      8023
      8023      8024
      8024      8025
      8025      8026
      8026      8027
      8027      8028
      8028      8029
      8029      8030
      8030      8031
      8024      8031
      8031      8513
      8513      8512
      8512      8511
      8511      8510
      8510      8509
      8509      8508
      8508      8507
      8507      8506
      8506      8505
      8505      8504
      8504      8503
      8503      8502
      8502      8501
    100022      8001
      8501    101022
    100024    100025
    100025    100026
    100026    100027
      9001      9002
      9002      9003
      9003      9004
      9004      9005
      9005      9006
      9006      9007
      9007      9008
      9008      9009
      9009      9010
      9010      9011
      9004      9011
      9011      9012
      9012      9013
      9013      9014
      9014      9015
      9015      9016
      9016      9017
      9017      9018
      9018      9019
      9019      9020
      9020      9021
      9014      9021
      9021      9022
      9022      9023
      9023      9024
      9024      9025
      9025      9026
      9026      9027
      9027      9028
      9028      9029
      9029      9030
      9030      9031
      9024      9031
      9031      9513
      9513      9512
      9512      9511
      9511      9510
      9510      9509
      9509      9508
      9508      9507
      9507      9506
      9506      9505
      9505      9504
      9504      9503
      9503      9502
      9502      9501
    100025      9001
      9501    101025
    100027    100028
    100028    100029
    100029    100030
     10001     10002
     10002     10003
     10003     10004
     10004     10005
     10005     10006
     10006     10007
     10007     10008
     10008     10009
     10009     10010
     10010     10011
     10004     10011
     10011     10012
     10012     10013
     10013     10014
     10014     10015
     10015     10016
     10016     10017
     10017     10018
     10018     10019
     10019     10020
     10020     10021
     10014     10021
     10021     10022
     10022     10023
     10023     10024
     10024     10025
     10025     10026
     10026     10027
     10027     10028
     10028     10029
     10029     10030
     10030     10031
     10024     10031
     10031     10513
     10513     10512
     10512     10511
     10511     10510
     10510     10509
     10509     10508
     10508     10507
     10507     10506
     10506     10505
     10505     10504
     10504     10503
     10503     10502
     10502     10501
    100028     10001
     10501    101028
    100030    100031
    100031    100032
    100032    100033
     11001     11002
     11002     11003
     11003     11004
     11004     11005
     11005     11006
     11006     11007
     11007     11008
     11008     11009
     11009     11010
     11010     11011
     11004     11011
     11011     11012
     11012     11013
     11013     11014
     11014     11015
     11015     11016
     11016     11017
     11017     11018
     11018     11019
     11019     11020
     11020     11021
     11014     11021
     11021     11022
     11022     11023
     11023     11024
     11024     11025
     11025     11026
     11026     11027
     11027     11028
     11028     11029
     11029     11030
     11030     11031
     11024     11031
     11031     11513
     11513     11512
     11512     11511
     11511     11510
     11510     11509
     11509     11508
     11508     11507
     11507     11506
     11506     11505
     11505     11504
     11504     11503
     11503     11502
     11502     11501
    100031     11001
     11501    101031
    100033    100034
     12001     12002
     12002     12003
     12003     12004
     12004     12005
     12005     12006
     12006     12007
     12007     12008
     12008     12009
     12009     12010
     12010     12011
     12004     12011
     12011     12012
     12012     12013
     12013     12014
     12014     12015
     12015     12016
     12016     12017
     12017     12018
     12018     12019
     12019     12020
     12020     12021
     12014     12021
     12021     12022
     12022     12023
     12023     12024
     12024     12025
     12025     12026
     12026     12027
     12027     12028
     12028     12029
     12029     12030
     12030     12031
     12024     12031
     12031     12513
     12513     12512
     12512     12511
     12511     12510
     12510     12509
     12509     12508
     12508     12507
     12507     12506
     12506     12505
     12505     12504
     12504     12503
     12503     12502
     12502     12501
    100034     12001
     12501    101034
    101002    101001
    101003    101002
    101004    101003
    101005    101004
    101006    101005
    101007    101006
    101008    101007
    101009    101008
    101010    101009
    101011    101010
    101012    101011
    101013    101012
    101014    101013
    101015    101014
    101016    101015
    101017    101016
    101018    101017
    101019    101018
    101020    101019
    101021    101020
    101022    101021
    101023    101022
    101024    101023
    101025    101024
    101026    101025
    101027    101026
    101028    101027
    101029    101028
    101030    101029
    101031    101030
    101032    101031
    101033    101032
    101034    101033
转轨器:
     节点1     节点2
    100001    101001
      1011      1505
      1021      1509
    100004    101004
      2011      2505
      2021      2509
    100007    101007
      3011      3505
      3021      3509
    100010    101010
      4011      4505
      4021      4509
    100013    101013
      5011      5505
      5021      5509
    100016    101016
      6011      6505
      6021      6509
    100019    101019
      7011      7505
      7021      7509
    100022    101022
      8011      8505
      8021      8509
    100025    101025
      9011      9505
      9021      9509
    100028    101028
     10011     10505
     10021     10509
    100031    101031
     11011     11505
     11021     11509
    100034    101034
     12011     12505
     12021     12509
节点坐标: 数量=596
  节点编号     x坐标     y坐标     z坐标
    100001         0         0         0
    100002         0         0       200
    100003         0         0       400
      1001         0       400         0
      1002         0       600         0
      1003         0       800         0
      1004         0      1000         0
      1005       200      1000         0
      1006       400      1000         0
      1007       600      1000         0
      1008       600      1040         0
      1009       400      1040         0
      1010       200      1040         0
      1011         0      1040         0
      1012         0      1240         0
      1013         0      1440         0
      1014         0      1640         0
      1015       200      1640         0
      1016       400      1640         0
      1017       600      1640         0
      1018       600      1680         0
      1019       400      1680         0
      1020       200      1680         0
      1021         0      1680         0
      1022         0      1880         0
      1023         0      2080         0
      1024         0      2280         0
      1025       200      2280         0
      1026       400      2280         0
      1027       600      2280         0
      1028       600      2320         0
      1029       400      2320         0
      1030       200      2320         0
      1031         0      2320         0
      1513       -30      2320         0
      1512       -30      2280         0
      1511       -30      2080         0
      1510       -30      1880         0
      1509       -30      1680         0
      1508       -30      1640         0
      1507       -30      1440         0
      1506       -30      1240         0
      1505       -30      1040         0
      1504       -30      1000         0
      1503       -30       800         0
      1502       -30       600         0
      1501       -30       400         0
    100004         0         0       600
    100005         0         0       800
    100006         0         0      1000
      2001         0       400       600
      2002         0       600       600
      2003         0       800       600
      2004         0      1000       600
      2005       200      1000       600
      2006       400      1000       600
      2007       600      1000       600
      2008       600      1040       600
      2009       400      1040       600
      2010       200      1040       600
      2011         0      1040       600
      2012         0      1240       600
      2013         0      1440       600
      2014         0      1640       600
      2015       200      1640       600
      2016       400      1640       600
      2017       600      1640       600
      2018       600      1680       600
      2019       400      1680       600
      2020       200      1680       600
      2021         0      1680       600
      2022         0      1880       600
      2023         0      2080       600
      2024         0      2280       600
      2025       200      2280       600
      2026       400      2280       600
      2027       600      2280       600
      2028       600      2320       600
      2029       400      2320       600
      2030       200      2320       600
      2031         0      2320       600
      2513       -30      2320       600
      2512       -30      2280       600
      2511       -30      2080       600
      2510       -30      1880       600
      2509       -30      1680       600
      2508       -30      1640       600
      2507       -30      1440       600
      2506       -30      1240       600
      2505       -30      1040       600
      2504       -30      1000       600
      2503       -30       800       600
      2502       -30       600       600
      2501       -30       400       600
    100007         0         0      1200
    100008         0         0      1400
    100009         0         0      1600
      3001         0       400      1200
      3002         0       600      1200
      3003         0       800      1200
      3004         0      1000      1200
      3005       200      1000      1200
      3006       400      1000      1200
      3007       600      1000      1200
      3008       600      1040      1200
      3009       400      1040      1200
      3010       200      1040      1200
      3011         0      1040      1200
      3012         0      1240      1200
      3013         0      1440      1200
      3014         0      1640      1200
      3015       200      1640      1200
      3016       400      1640      1200
      3017       600      1640      1200
      3018       600      1680      1200
      3019       400      1680      1200
      3020       200      1680      1200
      3021         0      1680      1200
      3022         0      1880      1200
      3023         0      2080      1200
      3024         0      2280      1200
      3025       200      2280      1200
      3026       400      2280      1200
      3027       600      2280      1200
      3028       600      2320      1200
      3029       400      2320      1200
      3030       200      2320      1200
      3031         0      2320      1200
      3513       -30      2320      1200
      3512       -30      2280      1200
      3511       -30      2080      1200
      3510       -30      1880      1200
      3509       -30      1680      1200
      3508       -30      1640      1200
      3507       -30      1440      1200
      3506       -30      1240      1200
      3505       -30      1040      1200
      3504       -30      1000      1200
      3503       -30       800      1200
      3502       -30       600      1200
      3501       -30       400      1200
    100010         0         0      1800
    100011         0         0      2000
    100012         0         0      2200
      4001         0       400      1800
      4002         0       600      1800
      4003         0       800      1800
      4004         0      1000      1800
      4005       200      1000      1800
      4006       400      1000      1800
      4007       600      1000      1800
      4008       600      1040      1800
      4009       400      1040      1800
      4010       200      1040      1800
      4011         0      1040      1800
      4012         0      1240      1800
      4013         0      1440      1800
      4014         0      1640      1800
      4015       200      1640      1800
      4016       400      1640      1800
      4017       600      1640      1800
      4018       600      1680      1800
      4019       400      1680      1800
      4020       200      1680      1800
      4021         0      1680      1800
      4022         0      1880      1800
      4023         0      2080      1800
      4024         0      2280      1800
      4025       200      2280      1800
      4026       400      2280      1800
      4027       600      2280      1800
      4028       600      2320      1800
      4029       400      2320      1800
      4030       200      2320      1800
      4031         0      2320      1800
      4513       -30      2320      1800
      4512       -30      2280      1800
      4511       -30      2080      1800
      4510       -30      1880      1800
      4509       -30      1680      1800
      4508       -30      1640      1800
      4507       -30      1440      1800
      4506       -30      1240      1800
      4505       -30      1040      1800
      4504       -30      1000      1800
      4503       -30       800      1800
      4502       -30       600      1800
      4501       -30       400      1800
    100013         0         0      2400
    100014         0         0      2600
    100015         0         0      2800
      5001         0       400      2400
      5002         0       600      2400
      5003         0       800      2400
      5004         0      1000      2400
      5005       200      1000      2400
      5006       400      1000      2400
      5007       600      1000      2400
      5008       600      1040      2400
      5009       400      1040      2400
      5010       200      1040      2400
      5011         0      1040      2400
      5012         0      1240      2400
      5013         0      1440      2400
      5014         0      1640      2400
      5015       200      1640      2400
      5016       400      1640      2400
      5017       600      1640      2400
      5018       600      1680      2400
      5019       400      1680      2400
      5020       200      1680      2400
      5021         0      1680      2400
      5022         0      1880      2400
      5023         0      2080      2400
      5024         0      2280      2400
      5025       200      2280      2400
      5026       400      2280      2400
      5027       600      2280      2400
      5028       600      2320      2400
      5029       400      2320      2400
      5030       200      2320      2400
      5031         0      2320      2400
      5513       -30      2320      2400
      5512       -30      2280      2400
      5511       -30      2080      2400
      5510       -30      1880      2400
      5509       -30      1680      2400
      5508       -30      1640      2400
      5507       -30      1440      2400
      5506       -30      1240      2400
      5505       -30      1040      2400
      5504       -30      1000      2400
      5503       -30       800      2400
      5502       -30       600      2400
      5501       -30       400      2400
    100016         0         0      3000
    100017         0         0      3200
    100018         0         0      3400
      6001         0       400      3000
      6002         0       600      3000
      6003         0       800      3000
      6004         0      1000      3000
      6005       200      1000      3000
      6006       400      1000      3000
      6007       600      1000      3000
      6008       600      1040      3000
      6009       400      1040      3000
      6010       200      1040      3000
      6011         0      1040      3000
      6012         0      1240      3000
      6013         0      1440      3000
      6014         0      1640      3000
      6015       200      1640      3000
      6016       400      1640      3000
      6017       600      1640      3000
      6018       600      1680      3000
      6019       400      1680      3000
      6020       200      1680      3000
      6021         0      1680      3000
      6022         0      1880      3000
      6023         0      2080      3000
      6024         0      2280      3000
      6025       200      2280      3000
      6026       400      2280      3000
      6027       600      2280      3000
      6028       600      2320      3000
      6029       400      2320      3000
      6030       200      2320      3000
      6031         0      2320      3000
      6513       -30      2320      3000
      6512       -30      2280      3000
      6511       -30      2080      3000
      6510       -30      1880      3000
      6509       -30      1680      3000
      6508       -30      1640      3000
      6507       -30      1440      3000
      6506       -30      1240      3000
      6505       -30      1040      3000
      6504       -30      1000      3000
      6503       -30       800      3000
      6502       -30       600      3000
      6501       -30       400      3000
    100019         0         0      3600
    100020         0         0      3800
    100021         0         0      4000
      7001         0       400      3600
      7002         0       600      3600
      7003         0       800      3600
      7004         0      1000      3600
      7005       200      1000      3600
      7006       400      1000      3600
      7007       600      1000      3600
      7008       600      1040      3600
      7009       400      1040      3600
      7010       200      1040      3600
      7011         0      1040      3600
      7012         0      1240      3600
      7013         0      1440      3600
      7014         0      1640      3600
      7015       200      1640      3600
      7016       400      1640      3600
      7017       600      1640      3600
      7018       600      1680      3600
      7019       400      1680      3600
      7020       200      1680      3600
      7021         0      1680      3600
      7022         0      1880      3600
      7023         0      2080      3600
      7024         0      2280      3600
      7025       200      2280      3600
      7026       400      2280      3600
      7027       600      2280      3600
      7028       600      2320      3600
      7029       400      2320      3600
      7030       200      2320      3600
      7031         0      2320      3600
      7513       -30      2320      3600
      7512       -30      2280      3600
      7511       -30      2080      3600
      7510       -30      1880      3600
      7509       -30      1680      3600
      7508       -30      1640      3600
      7507       -30      1440      3600
      7506       -30      1240      3600
      7505       -30      1040      3600
      7504       -30      1000      3600
      7503       -30       800      3600
      7502       -30       600      3600
      7501       -30       400      3600
    100022         0         0      4200
    100023         0         0      4400
    100024         0         0      4600
      8001         0       400      4200
      8002         0       600      4200
      8003         0       800      4200
      8004         0      1000      4200
      8005       200      1000      4200
      8006       400      1000      4200
      8007       600      1000      4200
      8008       600      1040      4200
      8009       400      1040      4200
      8010       200      1040      4200
      8011         0      1040      4200
      8012         0      1240      4200
      8013         0      1440      4200
      8014         0      1640      4200
      8015       200      1640      4200
      8016       400      1640      4200
      8017       600      1640      4200
      8018       600      1680      4200
      8019       400      1680      4200
      8020       200      1680      4200
      8021         0      1680      4200
      8022         0      1880      4200
      8023         0      2080      4200
      8024         0      2280      4200
      8025       200      2280      4200
      8026       400      2280      4200
      8027       600      2280      4200
      8028       600      2320      4200
      8029       400      2320      4200
      8030       200      2320      4200
      8031         0      2320      4200
      8513       -30      2320      4200
      8512       -30      2280      4200
      8511       -30      2080      4200
      8510       -30      1880      4200
      8509       -30      1680      4200
      8508       -30      1640      4200
      8507       -30      1440      4200
      8506       -30      1240      4200
      8505       -30      1040      4200
      8504       -30      1000      4200
      8503       -30       800      4200
      8502       -30       600      4200
      8501       -30       400      4200
    100025         0         0      4800
    100026         0         0      5000
    100027         0         0      5200
      9001         0       400      4800
      9002         0       600      4800
      9003         0       800      4800
      9004         0      1000      4800
      9005       200      1000      4800
      9006       400      1000      4800
      9007       600      1000      4800
      9008       600      1040      4800
      9009       400      1040      4800
      9010       200      1040      4800
      9011         0      1040      4800
      9012         0      1240      4800
      9013         0      1440      4800
      9014         0      1640      4800
      9015       200      1640      4800
      9016       400      1640      4800
      9017       600      1640      4800
      9018       600      1680      4800
      9019       400      1680      4800
      9020       200      1680      4800
      9021         0      1680      4800
      9022         0      1880      4800
      9023         0      2080      4800
      9024         0      2280      4800
      9025       200      2280      4800
      9026       400      2280      4800
      9027       600      2280      4800
      9028       600      2320      4800
      9029       400      2320      4800
      9030       200      2320      4800
      9031         0      2320      4800
      9513       -30      2320      4800
      9512       -30      2280      4800
      9511       -30      2080      4800
      9510       -30      1880      4800
      9509       -30      1680      4800
      9508       -30      1640      4800
      9507       -30      1440      4800
      9506       -30      1240      4800
      9505       -30      1040      4800
      9504       -30      1000      4800
      9503       -30       800      4800
      9502       -30       600      4800
      9501       -30       400      4800
    100028         0         0      5400
    100029         0         0      5600
    100030         0         0      5800
     10001         0       400      5400
     10002         0       600      5400
     10003         0       800      5400
     10004         0      1000      5400
     10005       200      1000      5400
     10006       400      1000      5400
     10007       600      1000      5400
     10008       600      1040      5400
     10009       400      1040      5400
     10010       200      1040      5400
     10011         0      1040      5400
     10012         0      1240      5400
     10013         0      1440      5400
     10014         0      1640      5400
     10015       200      1640      5400
     10016       400      1640      5400
     10017       600      1640      5400
     10018       600      1680      5400
     10019       400      1680      5400
     10020       200      1680      5400
     10021         0      1680      5400
     10022         0      1880      5400
     10023         0      2080      5400
     10024         0      2280      5400
     10025       200      2280      5400
     10026       400      2280      5400
     10027       600      2280      5400
     10028       600      2320      5400
     10029       400      2320      5400
     10030       200      2320      5400
     10031         0      2320      5400
     10513       -30      2320      5400
     10512       -30      2280      5400
     10511       -30      2080      5400
     10510       -30      1880      5400
     10509       -30      1680      5400
     10508       -30      1640      5400
     10507       -30      1440      5400
     10506       -30      1240      5400
     10505       -30      1040      5400
     10504       -30      1000      5400
     10503       -30       800      5400
     10502       -30       600      5400
     10501       -30       400      5400
    100031         0         0      6000
    100032         0         0      6200
    100033         0         0      6400
     11001         0       400      6000
     11002         0       600      6000
     11003         0       800      6000
     11004         0      1000      6000
     11005       200      1000      6000
     11006       400      1000      6000
     11007       600      1000      6000
     11008       600      1040      6000
     11009       400      1040      6000
     11010       200      1040      6000
     11011         0      1040      6000
     11012         0      1240      6000
     11013         0      1440      6000
     11014         0      1640      6000
     11015       200      1640      6000
     11016       400      1640      6000
     11017       600      1640      6000
     11018       600      1680      6000
     11019       400      1680      6000
     11020       200      1680      6000
     11021         0      1680      6000
     11022         0      1880      6000
     11023         0      2080      6000
     11024         0      2280      6000
     11025       200      2280      6000
     11026       400      2280      6000
     11027       600      2280      6000
     11028       600      2320      6000
     11029       400      2320      6000
     11030       200      2320      6000
     11031         0      2320      6000
     11513       -30      2320      6000
     11512       -30      2280      6000
     11511       -30      2080      6000
     11510       -30      1880      6000
     11509       -30      1680      6000
     11508       -30      1640      6000
     11507       -30      1440      6000
     11506       -30      1240      6000
     11505       -30      1040      6000
     11504       -30      1000      6000
     11503       -30       800      6000
     11502       -30       600      6000
     11501       -30       400      6000
    100034         0         0      6600
     12001         0       400      6600
     12002         0       600      6600
     12003         0       800      6600
     12004         0      1000      6600
     12005       200      1000      6600
     12006       400      1000      6600
     12007       600      1000      6600
     12008       600      1040      6600
     12009       400      1040      6600
     12010       200      1040      6600
     12011         0      1040      6600
     12012         0      1240      6600
     12013         0      1440      6600
     12014         0      1640      6600
     12015       200      1640      6600
     12016       400      1640      6600
     12017       600      1640      6600
     12018       600      1680      6600
     12019       400      1680      6600
     12020       200      1680      6600
     12021         0      1680      6600
     12022         0      1880      6600
     12023         0      2080      6600
     12024         0      2280      6600
     12025       200      2280      6600
     12026       400      2280      6600
     12027       600      2280      6600
     12028       600      2320      6600
     12029       400      2320      6600
     12030       200      2320      6600
     12031         0      2320      6600
     12513       -30      2320      6600
     12512       -30      2280      6600
     12511       -30      2080      6600
     12510       -30      1880      6600
     12509       -30      1680      6600
     12508       -30      1640      6600
     12507       -30      1440      6600
     12506       -30      1240      6600
     12505       -30      1040      6600
     12504       -30      1000      6600
     12503       -30       800      6600
     12502       -30       600      6600
     12501       -30       400      6600
    101001       -30         0         0
    101002       -30         0       200
    101003       -30         0       400
    101004       -30         0       600
    101005       -30         0       800
    101006       -30         0      1000
    101007       -30         0      1200
    101008       -30         0      1400
    101009       -30         0      1600
    101010       -30         0      1800
    101011       -30         0      2000
    101012       -30         0      2200
    101013       -30         0      2400
    101014       -30         0      2600
    101015       -30         0      2800
    101016       -30         0      3000
    101017       -30         0      3200
    101018       -30         0      3400
    101019       -30         0      3600
    101020       -30         0      3800
    101021       -30         0      4000
    101022       -30         0      4200
    101023       -30         0      4400
    101024       -30         0      4600
    101025       -30         0      4800
    101026       -30         0      5000
    101027       -30         0      5200
    101028       -30         0      5400
    101029       -30         0      5600
    101030       -30         0      5800
    101031       -30         0      6000
    101032       -30         0      6200
    101033       -30         0      6400
    101034       -30         0      6600
